24.623835 0.97430634
39.393411 0.97430634
-161.76897 0.97391385
273.05193 0.97306755
-767.09079 0.97220278
271.41419 0.97400042
-785.88408 0.97527007
329.55193 0.97995425
677.17524 0.98538576
263.09702 0.98835461
534.26616 0.98845248
-21.170642 0.98679985
-801.25101 0.9842787
-290.47227 0.98474762
273.10464 0.98794193
1131.7301 0.99021426
-87.609547 0.98626157
45.305602 0.98025744
2.9955398 0.97503228
-864.12086 0.9692584
-417.79804 0.9647803
-811.28617 0.96232678
-511.16718 0.96413122
310.40834 0.9693154
-403.56753 0.97443962
1037.1798 0.97913597
733.33366 0.97779324
-215.32523 0.9737883
-1125.8418 0.97235213
-338.50668 0.97616739
-101.97238 0.98189003
496.90473 0.98905549
218.37457 0.99385887
-337.79108 0.99579945
-78.869364 0.99686691
259.87796 0.99659888
544.04155 0.99349084
299.11246 0.98754025
606.16747 0.97908036
-1334.5135 0.9691798
-503.1022 0.96591528
80.663658 0.96486846
-721.67143 0.96412277
-70.498692 0.96689512
-43.325243 0.97117263
451.1999 0.97574376
338.1126 0.97900497
-97.883404 0.97939181
137.39847 0.97757511
-619.16911 0.97536287
-5.7874727 0.97564023
-194.41647 0.97505996
-648.56774 0.97347257
53.818005 0.97347209
-832.53955 0.97420373
500.72525 0.97878263
32.19167 0.98204292
730.33781 0.98371584
-111.65846 0.98209164
-991.19608 0.98028524
494.20401 0.98287372
-331.63925 0.98571621
730.16868 0.98867297
263.3076 0.9889144
-404.76674 0.98868744
139.04584 0.98929509
-116.03709 0.98934691
394.78284 0.9902844
-707.97689 0.99150938
-19.06192 0.99626951
106.96838 1.0009904
44.155074 1.0016458
-50.541548 0.99851459
-414.4437 0.9947184
-407.60005 0.99374189
-78.936874 0.99441689
-449.22956 0.99483143
253.15578 0.99727761
694.78909 0.99677488
-509.22856 0.9917321
-616.39515 0.98823525
324.1461 0.9885986
202.53958 0.98978163
105.85783 0.98966119
-475.52827 0.98889782
159.98192 0.98991959
-254.10284 0.99055933
-284.4827 0.99209503
326.0764 0.99239821
786.78185 0.99015248
-419.54888 0.98528463
-195.41982 0.98239639
-204.89451 0.98296118
481.66536 0.98629006
367.56755 0.98560088
-564.56004 0.98089521
-162.93425 0.97984966
692.18772 0.98130087
-234.00833 0.98178405
-498.42354 0.98332886
56.274341 0.98896616
574.23538 0.9960458
637.10324 1.0006965
-61.67261 1.0037865
209.66181 1.0074724
1200.6454 1.0064939
-306.70184 1.0003644
-764.00792 0.99584843
-434.04271 0.99355651
123.67655 0.99311633
-200.57953 0.99322759
579.37761 0.99532293
548.44662 0.99655858
-438.42377 0.99472321
2.9240467 0.99502042
412.50496 0.99436601
-85.481862 0.98992937
138.01113 0.9846992
-328.46933 0.97825385
-541.04362 0.97378896
-284.83404 0.97290334
-474.13864 0.97382846
-622.96483 0.97654302
891.79996 0.98174545
61.903705 0.98407768
58.059292 0.98745427
877.50468 0.99014935
612.81819 0.98826548
54.458761 0.98434109
-482.79268 0.98038582
-523.98277 0.97964663
-11.567366 0.98269251
52.084953 0.98627389
-95.271429 0.98920634
-191.18627 0.99399093
819.58828 0.99867062
-16.447737 0.99911521
1157.9326 0.99872293
-329.83259 0.99269785
-1077.2143 0.98677668
-178.77194 0.98752164
773.09949 0.98978062
-240.07602 0.98833247
-382.86233 0.9879525
-653.02516 0.98955607
689.64858 0.9907849
104.93693 0.98813766
-106.09277 0.98448671
456.07817 0.98008888
65.092309 0.97422186
-598.02659 0.96739059
-809.75044 0.96424703
